http://www.celestrak.com/NORAD/elements/goes.txt
GOES 1 [-]
1 08366U 75100A   15159.38139433 -.00000146  00000-0  00000+0 0  9992
2 08366  13.0613 327.0677 0004728 202.3149 124.6333  1.00228852144822
GOES 2 [-]
1 10061U 77048A   15158.41848825  .00000065  00000-0  00000+0 0  9994
2 10061  14.1074 335.7756 0012319 290.6226   6.9682  0.99395751 83477
GOES 3 [P]
1 10953U 78062A   15159.46066416 -.00000098  00000-0  00000+0 0  9992
2 10953  14.1615 339.2598 0005401 148.4350 185.6447  1.00275251 88545
GOES 4 [-]
1 11964U 80074A   15159.11109627 -.00000034  00000-0  00000+0 0  9995
2 11964  14.8458 342.9764 0029364 356.6521 218.0064  0.99227498 87679
GOES 5 [-]
1 12472U 81049A   15158.13580260 -.00000082  00000-0  00000+0 0  9993
2 12472  14.7412 353.0694 0005228 172.3040  29.0110  1.00205692 82571
GOES 6 [-]
1 14050U 83041A   15158.44235267 -.00000142  00000-0  00000+0 0  9996
2 14050  14.8284 357.8877 0005425 137.8029 178.5375  1.00218963175672
GOES 7 [-]
1 17561U 87022A   15158.59052157 -.00000215  00000-0  00000+0 0  9991
2 17561  14.9355  13.7990 0000153 226.8071 322.4193  0.99891647 86745
GOES 8 [-]
1 23051U 94022A   15158.81401859 -.00000014  00000-0  00000+0 0  9999
2 23051  10.3502  46.3850 0004196 200.5823 338.1959  0.98904937 84290
GOES 9 [-]
1 23581U 95025A   15159.53676089 -.00000154  00000-0  00000+0 0  9995
2 23581   9.8667  45.4116 0006582  64.5625 167.5140  0.98802333 72972
GOES 10 [-]
1 24786U 97019A   15155.73147413 -.00000270  00000-0  00000+0 0  9999
2 24786   8.1556  49.5151 0029538 135.0254  99.6704  0.99124744 66115
GOES 11 [-]
1 26352U 00022A   15159.09457172 -.00000153  00000-0  00000+0 0  9997
2 26352   3.4451  82.7560 0004829  58.9373 153.6613  0.99045036 55127
GOES 12 [-]
1 26871U 01031A   15158.67947194 -.00000250  00000-0  00000+0 0  9993
2 26871   4.9629  66.2073 0005340 207.8465 348.9097  0.99138531 50806
GOES 13 [+]
1 29155U 06018A   15159.23224300 -.00000256  00000-0  00000+0 0  9997
2 29155   0.1965 265.5380 0005353 176.0615 182.9567  1.00261110 33136
GOES 14 [S]
1 35491U 09033A   15158.43802170 -.00000100  00000-0  00000+0 0  9993
2 35491   0.2273  98.4832 0001789  34.6319 175.5619  1.00271189 21762
GOES 15 [+]
1 36411U 10008A   15159.41730519  .00000076  00000-0  00000+0 0  9997
2 36411   0.1557 101.8451 0000660 298.7570 231.3107  1.00283472 19302

