http://www.tle.info/data/intelsat.txt
INTELSAT 602
1 20315U 89087A   15158.68358586 -.00000065  00000-0  00000+0 0  9993
2 20315 011.2972 040.0227 0005943 102.7088 094.0989 00.99004358 91453
LEASAT 5
1 20410U 90002B   15159.78528147 -.00000087  00000-0  00000+0 0  9996
2 20410 011.2323 018.1705 0002193 174.9154 058.4423 01.00272738 78314
INTELSAT 603
1 20523U 90021A   15157.75976047  .00000074  00000-0  00000+0 0  9998
2 20523 010.7305 041.4496 0003841 331.2928 028.6299 00.99477464 85281
INTELSAT 604
1 20667U 90056A   15156.05413470 -.00000195  00000-0  00000+0 0  9998
2 20667 011.1525 042.4961 0005155 202.6768 350.7816 00.98435294 93579
INTELSAT 605
1 21653U 91055A   15158.62967714 -.00000310  00000-0  00000+0 0  9993
2 21653 009.0480 047.9163 0002992 117.5869 107.5462 00.99329481 86968
INTELSAT 601
1 21765U 91075A   15158.82260101  .00000086  00000-0  00000+0 0  9996
2 21765 009.0003 046.9385 0001781 176.4644 005.7150 00.99589361 86203
NSS K (INTELSAT K)
1 21989U 92032A   15159.45710580 -.00000174  00000-0  00000+0 0  9998
2 21989 011.1043 044.1179 0082698 257.7805 266.2748 00.97182400 93338
INTELSAT 701
1 22871U 93066A   15159.07669929 -.00000224  00000-0  00000+0 0  9991
2 22871 002.7759 071.1683 0004870 358.6690 184.4076 01.00271323 79010
INTELSAT 702
1 23124U 94034A   15159.63380318  .00000143  00000-0  00000+0 0  9992
2 23124 003.1214 069.5911 0001879 028.5783 059.5787 01.00271962 91003
NSS 703 (INTELSAT 703)
1 23305U 94064A   15157.92548043 -.00000041  00000-0  00000+0 0  9995
2 23305 004.7087 061.9299 0000482 195.2290 164.5283 00.99307241 75735
INTELSAT 704
1 23461U 95001A   15158.88926581  .00000072  00000-0  00000+0 0  9996
2 23461 004.9809 060.9155 0006145 052.0674 150.7689 00.99179222 74529
INTELSAT 705
1 23528U 95013A   15159.69432634  .00000040  00000-0  00000+0 0  9999
2 23528 004.5755 062.6100 0019505 013.1498 146.9595 00.98970841 73756
INTELSAT 706
1 23571U 95023A   15157.36759387  .00000040  00000-0  10000-3 0  9992
2 23571 003.0452 068.3438 0003098 019.4944 340.1021 00.99051033 73389
INTELSAT 707
1 23816U 96015A   15157.81791378  .00000021  00000-0  00000+0 0  9996
2 23816 002.0610 075.1265 0063987 260.7260 271.7301 00.98480042 70286
INTELSAT 709
1 23915U 96035A   15158.31503781 -.00000088  00000-0  00000+0 0  9997
2 23915 002.5106 072.6948 0009096 152.0423 062.2786 00.99178682 69436
INTELSAT 801
1 24742U 97009A   15158.15343667 -.00000210  00000-0  00000+0 0  9992
2 24742 005.6278 058.9702 0007423 282.2972 288.3907 00.98736700 66850
INTELSAT 802
1 24846U 97031A   15158.32866909 -.00000187  00000-0  00000+0 0  9993
2 24846 003.6158 066.6650 0023900 193.4508 098.0260 00.98110588 65413
NSS 5 (INTELSAT 803)
1 24957U 97053A   15159.81104868  .00000101  00000-0  00000+0 0  9999
2 24957 002.3982 073.2446 0003130 354.6974 171.4102 01.00269937 64861
INTELSAT 804
1 25110U 97083A   15157.82403405 -.00000016  00000-0  00000+0 0  9998
2 25110 008.6684 047.8618 0001161 176.3735 327.0403 01.00311432 64035
NSS 806 (INTELSAT 806)
1 25239U 98014A   15158.31592970 -.00000286  00000-0  00000+0 0  9995
2 25239 000.0632 030.1461 0005425 037.8226 253.6639 01.00272916 63284
INTELSAT 805
1 25371U 98037A   15158.31572388 -.00000293  00000-0  10000-3 0  9991
2 25371 000.0165 278.4434 0003455 148.1317 246.9852 01.00273147 62173
INTELSAT 901
1 26824U 01024A   15159.20846867 -.00000150  00000-0  00000+0 0  9997
2 26824 000.0231 011.6676 0002946 058.0365 243.6205 01.00271499 51242
INTELSAT 902
1 26900U 01039A   15158.57737395  .00000024  00000-0  00000+0 0  9991
2 26900 000.0077 348.3018 0003011 091.9394 085.2711 01.00274778 50397
INTELSAT 904
1 27380U 02007A   15159.02548486  .00000040  00000-0  00000+0 0  9990
2 27380 000.0138 010.6384 0002953 062.4109 252.2107 01.00272199 48717
INTELSAT 903
1 27403U 02016A   15156.28610436 -.00000241  00000-0  00000+0 0  9990
2 27403 000.0161 347.3575 0003535 083.9548 250.5825 01.00270393 48265
INTELSAT 905
1 27438U 02027A   15159.08866956 -.00000193  00000-0  00000+0 0  9997
2 27438 000.0134 011.1180 0002784 039.2885 213.1598 01.00270352 47608
INTELSAT 906
1 27513U 02041A   15159.81142221  .00000004  00000-0  00000+0 0  9990
2 27513 000.0164 325.0879 0003711 120.7967 167.2347 01.00272039 46621
INTELSAT 907
1 27683U 03007A   15157.03115078 -.00000207  00000-0  00000+0 0  9999
2 27683 000.0041 347.1191 0003357 091.3410 159.3809 01.00271217 45000
INTELSAT 1002
1 28358U 04022A   15158.94955808 -.00000018  00000-0  00000+0 0  9991
2 28358 000.0152 076.0759 0002442 051.6682 109.1328 01.00280638 40242
GALAXY 28 (IA 8)
1 28702U 05022A   15159.42029970 -.00000195  00000-0  00000+0 0  9997
2 28702 000.0119 342.9836 0000524 026.0419 309.7713 01.00271522 36470
GALAXY 14
1 28790U 05030A   15159.36976325  .00000027  00000-0  00000+0 0  9994
2 28790 000.0204 004.9570 0002831 144.8604 114.6903 01.00271739 35934
GALAXY 15
1 28884U 05041A   15159.42557057  .00000069  00000-0  00000+0 0  9990
2 28884 000.0119 327.6102 0001460 102.0987 207.0005 01.00273620 35263
GALAXY 16
1 29236U 06023A   15159.29979941 -.00000136  00000-0  00000+0 0  9994
2 29236 000.0297 099.7091 0003220 330.7654 194.8108 01.00272241 32883
GALAXY 17
1 31307U 07016B   15159.31331576 -.00000184  00000-0  00000+0 0  9991
2 31307 000.0253 007.4468 0003313 065.0995 205.6358 01.00271939 29696
INTELSAT 11 (PAS 11)
1 32253U 07044B   15159.31457355 -.00000278  00000-0  00000+0 0  9991
2 32253 000.0035 041.8689 0002979 035.5401 249.2100 01.00271414 28149
HORIZONS 2
1 32388U 07063B   15159.82282197 -.00000193  00000-0  00000+0 0  9993
2 32388 000.0116 060.7054 0002881 022.3014 194.9360 01.00271610 27501
GALAXY 18
1 32951U 08024A   15159.60905191  .00000015  00000-0  00000+0 0  9991
2 32951 000.0064 184.5417 0003481 257.2417 271.1432 01.00272588 25725
INTELSAT 25(PROTOSTAR 1)
1 33153U 08034A   15159.31484797 -.00000233  00000-0  00000+0 0  9992
2 33153 000.0106 326.5853 0002814 096.1763 275.4392 01.00270283 25296
INTELSAT 14
1 36097U 09064A   15159.31452781 -.00000283  00000-0  00000+0 0  9999
2 36097 000.0124 351.7860 0002577 084.0687 248.7445 01.00270333 20328
INTELSAT 15
1 36106U 09067A   15158.84151411 -.00000194  00000-0  00000+0 0  9997
2 36106 000.0145 343.1471 0002330 098.9077 201.9479 01.00272003 20211
INTELSAT 16
1 36397U 10006A   15157.51646388 -.00000239  00000-0  00000+0 0  9999
2 36397 000.0188 012.6365 0002393 084.6555 264.2335 01.00270036 19385
INTELSAT 17
1 37238U 10065B   15159.02562970 -.00000011  00000-0  00000+0 0  9999
2 37238 000.0105 297.0297 0003211 139.4872 254.8028 01.00272130 16561
INTELSAT NEW DAWN
1 37392U 11016A   15158.19943335  .00000149  00000-0  00000+0 0  9993
2 37392 000.0196 327.2400 0000873 164.7336 228.0338 01.00273727 15155
INTELSAT 18
1 37834U 11056A   15159.28036814  .00000044  00000-0  00000+0 0  9998
2 37834 000.0016 245.5114 0002210 191.4315 100.3301 01.00272788 13507
INTELSAT 22
1 38098U 12011A   15159.69504934 -.00000069  00000-0  00000+0 0  9999
2 38098 000.0353 031.9513 0002265 054.6291 132.4775 01.00270884 11680
INTELSAT 19
1 38356U 12030A   15159.74713730 -.00000067  00000-0  00000+0 0  9997
2 38356 000.0271 028.8701 0003202 046.6072 256.2965 01.00272130 11132
INTELSAT 20
1 38740U 12043A   15158.11208397 -.00000032  00000-0  00000+0 0  9998
2 38740 000.0197 296.3932 0000458 074.7139 352.9410 01.00272004 10442
INTELSAT 21
1 38749U 12045A   15159.31420002 -.00000294  00000-0  00000+0 0  9991
2 38749 000.0096 356.5509 0002396 092.2660 222.6685 01.00272571 10261
INTELSAT 23
1 38867U 12057A   15158.31579249 -.00000292  00000-0  00000+0 0  9990
2 38867 000.0020 335.2659 0001981 096.8897 243.9346 01.00271683  9722
