ISS Tracker
http://www.isstracker.com/

http://www.celestrak.com/NORAD/elements/stations.txt
ISS (ZARYA)
1 25544U 98067A   15159.73191137  .00006600  00000-0  10229-3 0  9992
2 25544  51.6431 126.2443 0004739  37.0689  24.1172 15.55345846946721
TIANGONG 1
1 37820U 11053A   15159.88519781  .00019289  00000-0  22621-3 0  9993
2 37820  42.7683 324.4874 0013385 326.5874 185.1582 15.61024999212022
SPINSAT
1 40314U 98067FL  15158.89162622  .00018850  00000-0  23211-3 0  9992
2 40314  51.6407 128.2490 0007371  66.2253 293.9513 15.60236672 81217
FLOCK 1B-27
1 40422U 98067FN  15159.88287642  .00089486  00000-0  72722-3 0  9996
2 40422  51.6390 119.7855 0009624  66.2285 322.8921 15.69891163 24781
FLOCK 1B-28
1 40423U 98067FP  15159.88856135  .00071416  00000-0  55958-3 0  9992
2 40423  51.6385 119.8070 0010218  68.1328 321.0659 15.70851208 24783
FLOCK 1B-21
1 40427U 98067FQ  15159.82423263  .00088720  00000-0  72809-3 0  9992
2 40427  51.6403 120.0534 0008530  60.5347  21.9764 15.69671352 24802
FLOCK 1B-22
1 40428U 98067FR  15159.74427488  .00078073  00000-0  65410-3 0  9997
2 40428  51.6384 121.0354 0009872  55.5063  11.4037 15.69207423 24789
FLOCK 1B-10
1 40429U 98067FS  15159.87243428  .00168874  00000-0  13392-2 0  9992
2 40429  51.6392 120.3494 0011195  80.8055   4.9713 15.70157621 24772
FLOCK 1B-9
1 40430U 98067FT  15159.81637316  .00437985  00000-0  18049-2 0  9997
2 40430  51.6380 117.8759 0012024  92.5215 267.8811 15.84118097 24808
FLOCK 1D-1
1 40451U 98067FU  15159.92470397  .00098377  00000-0  81792-3 0  9990
2 40451  51.6407 120.0846 0011856  71.3326 312.5642 15.69268911 24796
FLOCK 1D-2
1 40452U 98067FV  15159.90799736  .00073263  00000-0  76835-3 0  9999
2 40452  51.6446 122.2302 0011090  73.0782 319.2028 15.63639546 24765
FLOCK 1B-5
1 40453U 98067FW  15159.89075235  .00202194  00000-0  17143-2 0  9992
2 40453  51.6371 121.3488 0009664  77.2899 311.1785 15.68448931 24769
FLOCK 1B-6
1 40454U 98067FX  15159.74405198  .00043809  00000-0  37694-3 0  9992
2 40454  51.6411 121.0298 0011952  66.4789   1.0365 15.68773660 24750
GEARRS-1
1 40456U 98067FZ  15159.80353037  .00093388  00000-0  84189-3 0  9993
2 40456  51.6424 121.6066 0010732  51.6921 308.5039 15.67330773 24761
MICROMAS
1 40457U 98067GA  15159.36360831  .00208876  00000-0  12129-2 0  9999
2 40457  51.6340 120.8559 0012855  74.5133 285.7286 15.77249335 24713
FLOCK 1B-11
1 40459U 98067GC  15159.50122866  .00045267  00000-0  38999-3 0  9998
2 40459  51.6408 122.3503 0010217  66.3485  32.1525 15.68751947 24734
FLOCK 1B-12
1 40460U 98067GD  15159.76591904  .00058429  00000-0  54132-3 0  9992
2 40460  51.6424 121.9384 0010840  67.3725   0.9733 15.66848746 24765